===== post
                                     ratio                           mse                           dev                           mae             
engine                    p3_robust_native status_rates p3_robust_native status_rates p3_robust_native status_rates p3_robust_native status_rates
event              status                                                                                                                        
clean_breaks       all              0.9952       0.9976           0.2767       0.2766           0.6265       0.6258           0.3120       0.3131
                   bench            0.8592       0.9422           0.0975       0.0973           0.4076       0.4062           0.1457       0.1509
                   start            1.0141       1.0052           0.3723       0.3722           0.7433       0.7429           0.4007       0.3996
defenders_beaten   all              1.0315       1.0352           1.7280       1.7251           1.3749       1.3725           0.8825       0.8849
                   bench            0.9024       0.9958           0.8172       0.8155           1.1535       1.1500           0.5479       0.5621
                   start            1.0539       1.0420           2.2138       2.2103           1.4930       1.4911           1.0610       1.0570
metres             all              1.0443       1.0477         294.9043     294.1368          12.1311      12.0883          11.1805      11.1996
                   bench            0.8842       0.9871          97.5000      97.2288           9.8611       9.7951           6.1810       6.3736
                   start            1.0698       1.0574         400.1866     399.1544          13.3417      13.3113          13.8469      13.7735
missed_tackles     all              0.9643       0.9651           1.1312       1.1309           1.1920       1.1914           0.8105       0.8109
                   bench            0.9025       0.9209           0.5535       0.5529           1.0615       1.0599           0.5840       0.5863
                   start            0.9767       0.9739           1.4394       1.4392           1.2615       1.2615           0.9313       0.9307
offload            all              1.0556       1.0583           0.3594       0.3590           0.7656       0.7657           0.3989       0.4004
                   bench            1.0014       1.0835           0.1384       0.1387           0.5022       0.5031           0.2054       0.2123
                   start            1.0643       1.0543           0.4772       0.4766           0.9060       0.9058           0.5020       0.5007
passes             all              0.9594       0.9599          33.1875      33.2403           2.6377       2.6385           3.0113       3.0137
                   bench            1.0204       1.0317          26.4578      26.4931           3.1925       3.1936           2.5214       2.5278
                   start            0.9464       0.9446          36.7766      36.8387           2.3418       2.3424           3.2727       3.2728
penalties_conceded all              1.0397       1.0424           0.4199       0.4196           0.8993       0.8993           0.5062       0.5076
                   bench            0.9791       1.0280           0.2680       0.2683           0.7486       0.7496           0.3701       0.3760
                   start            1.0559       1.0463           0.5009       0.5003           0.9796       0.9792           0.5788       0.5778
rucks_won          all              0.9672       0.9691           6.0896       6.0754           1.6567       1.6501           1.8548       1.8542
                   bench            0.8922       0.9353           3.3451       3.2966           1.6759       1.6570           1.3352       1.3399
                   start            0.9840       0.9767           7.5534       7.5575           1.6465       1.6465           2.1320       2.1285
runs               all              0.9819       0.9836           8.5973       8.5810           1.7649       1.7598           2.2124       2.2129
                   bench            0.9273       0.9666           4.4731       4.4278           1.8120       1.7981           1.5639       1.5720
                   start            0.9932       0.9871          10.7968      10.7961           1.7399       1.7393           2.5583       2.5548
tackle_turnover    all              1.1466       1.1499           0.1002       0.1002           0.4474       0.4474           0.1801       0.1804
                   bench            1.0760       1.1256           0.0474       0.0475           0.2804       0.2812           0.0878       0.0898
                   start            1.1602       1.1546           0.1283       0.1283           0.5364       0.5361           0.2293       0.2287
tackles            all              0.9722       0.9734          12.4138      12.4024           1.9808       1.9781           2.6322       2.6341
                   bench            0.9490       0.9740           7.3139       7.2840           2.1480       2.1401           2.0493       2.0576
                   start            0.9775       0.9733          15.1337      15.1322           1.8915       1.8917           2.9431       2.9416
tries              all              0.9837       0.9882           0.1677       0.1675           0.5627       0.5611           0.2457       0.2468
                   bench            0.7899       0.9019           0.0843       0.0841           0.4062       0.4023           0.1332       0.1404
                   start            1.0246       1.0064           0.2122       0.2121           0.6462       0.6458           0.3057       0.3036
try_assists        all              0.9511       0.9532           0.1202       0.1201           0.4116       0.4113           0.1700       0.1704
                   bench            0.8155       0.8703           0.0521       0.0519           0.2538       0.2527           0.0824       0.0844
                   start            0.9762       0.9684           0.1565       0.1565           0.4958       0.4959           0.2168       0.2163
turnovers_conceded all              1.0267       1.0282           0.6015       0.6013           0.9574       0.9571           0.5854       0.5868
                   bench            1.0165       1.0593           0.2638       0.2641           0.7678       0.7680           0.3726       0.3783
                   start            1.0284       1.0231           0.7817       0.7812           1.0586       1.0580           0.6989       0.6980
events with lower deviance (all rows): 10 of 14
events with lower MSE (all rows): 13 of 14
===== pre
                                     ratio                           mse                           dev                           mae             
engine                    p3_robust_native status_rates p3_robust_native status_rates p3_robust_native status_rates p3_robust_native status_rates
event              status                                                                                                                        
clean_breaks       all              1.0325       1.0352           0.2674       0.2672           0.6158       0.6155           0.3021       0.3033
                   bench            0.9422       1.0502           0.0852       0.0853           0.3691       0.3693           0.1321       0.1381
                   start            1.0442       1.0333           0.3647       0.3644           0.7476       0.7471           0.3930       0.3916
defenders_beaten   all              1.0130       1.0156           1.6208       1.6174           1.3427       1.3397           0.8435       0.8454
                   bench            0.8704       0.9707           0.6581       0.6535           1.0498       1.0427           0.4957       0.5088
                   start            1.0361       1.0229           2.1353       2.1326           1.4992       1.4984           1.0294       1.0253
metres             all              0.9878       0.9907         343.4799     342.3875          13.5375      13.4452          11.7226      11.7478
                   bench            0.8062       0.9261         124.4323     122.5735          11.6125      11.3923           6.5550       6.7854
                   start            1.0157       1.0006         460.5460     459.8632          14.5662      14.5424          14.4843      14.3999
missed_tackles     all              0.9430       0.9438           1.1084       1.1083           1.2015       1.2010           0.7891       0.7900
                   bench            0.8960       0.9225           0.5335       0.5325           1.0495       1.0471           0.5580       0.5615
                   start            0.9521       0.9480           1.4157       1.4161           1.2828       1.2833           0.9126       0.9121
offload            all              1.0384       1.0415           0.3576       0.3572           0.7822       0.7818           0.3968       0.3986
                   bench            0.9307       1.0384           0.1358       0.1355           0.5147       0.5147           0.2014       0.2106
                   start            1.0561       1.0420           0.4761       0.4756           0.9252       0.9245           0.5012       0.4991
passes             all              0.9820       0.9828          29.5194      29.4521           2.5912       2.5878           2.8331       2.8337
                   bench            0.9420       0.9585          24.7625      24.6284           3.0446       3.0356           2.3534       2.3607
                   start            0.9916       0.9886          32.0617      32.0300           2.3489       2.3484           3.0894       3.0864
penalties_conceded all              1.0462       1.0476           0.4719       0.4715           0.9391       0.9387           0.5264       0.5276
                   bench            0.9644       1.0066           0.2882       0.2884           0.7761       0.7762           0.3739       0.3792
                   start            1.0668       1.0579           0.5701       0.5694           1.0261       1.0255           0.6079       0.6069
rucks_won          all              0.9096       0.9109           5.8465       5.8467           1.8573       1.8549           1.7949       1.7963
                   bench            0.8663       0.9122           2.9894       2.9621           1.8318       1.8119           1.2674       1.2742
                   start            0.9186       0.9107           7.3735       7.3883           1.8709       1.8778           2.0769       2.0753
runs               all              0.9946       0.9960           8.0473       8.0357           1.8160       1.8131           2.1570       2.1590
                   bench            0.9616       1.0068           4.1038       4.0931           1.9078       1.9042           1.5310       1.5475
                   start            1.0010       0.9939          10.1548      10.1428           1.7669       1.7645           2.4915       2.4858
tackle_turnover    all              0.9987       1.0002           0.1076       0.1076           0.4705       0.4706           0.1808       0.1811
                   bench            0.9981       1.0574           0.0471       0.0471           0.2876       0.2881           0.0859       0.0884
                   start            0.9988       0.9900           0.1399       0.1399           0.5681       0.5680           0.2315       0.2306
tackles            all              0.9653       0.9662          11.0976      11.0895           2.0384       2.0354           2.4859       2.4866
                   bench            0.9268       0.9544           6.6451       6.6154           2.2376       2.2263           1.9183       1.9248
                   start            0.9740       0.9688          13.4772      13.4806           1.9320       1.9333           2.7893       2.7868
tries              all              1.0486       1.0504           0.1429       0.1427           0.5092       0.5078           0.2150       0.2156
                   bench            0.8034       0.9234           0.0692       0.0692           0.3536       0.3513           0.1079       0.1143
                   start            1.0984       1.0762           0.1823       0.1820           0.5924       0.5915           0.2722       0.2698
try_assists        all              1.0045       1.0070           0.0990       0.0988           0.3778       0.3773           0.1479       0.1484
                   bench            0.8643       0.9709           0.0420       0.0420           0.2236       0.2230           0.0696       0.0730
                   start            1.0303       1.0137           0.1294       0.1292           0.4603       0.4598           0.1897       0.1887
turnovers_conceded all              1.0006       1.0017           0.6037       0.6035           0.9773       0.9770           0.5776       0.5791
                   bench            0.8888       0.9339           0.2682       0.2682           0.7721       0.7717           0.3616       0.3678
                   start            1.0203       1.0136           0.7830       0.7828           1.0870       1.0867           0.6930       0.6920
events with lower deviance (all rows): 13 of 14
events with lower MSE (all rows): 12 of 14
post count-stat MAE {'p3_robust_native': 0.66514, 'status_rates': 0.6658}
pre count-stat MAE {'p3_robust_native': 0.63949, 'status_rates': 0.64018}
===== post observable points bias
engine                n  p3_robust_native  status_rates
started position                                       
False   Back-row    345             -0.98         -0.59
        Back-three  125             -1.67         -1.10
        Centre      134             -0.38          0.19
        Fly-half    139             -0.65         -0.28
        Hooker      235             -0.40          0.13
        Prop        469             -0.37         -0.09
        Scrum-half  214              0.07          0.43
        Second-row  221              0.12          0.49
        Unknown     118              0.05          0.07
True    Back-row    750              0.42          0.28
        Back-three  750              0.50          0.39
        Centre      500              0.25          0.13
        Fly-half    250              0.18          0.04
        Hooker      250              0.59          0.20
        Prop        500              0.27          0.10
        Scrum-half  250             -0.28         -0.50
        Second-row  500              0.58          0.47
                    bias                           mae                           mse             
engine  p3_robust_native status_rates p3_robust_native status_rates p3_robust_native status_rates
started                                                                                          
False             -0.454       -0.079            4.319        4.396           38.689       38.401
True               0.364        0.212            7.502        7.472           98.741       98.575
pearson {'p3_robust_native': 0.5881, 'status_rates': 0.5883} bench pearson {'p3_robust_native': 0.2736, 'status_rates': 0.2733}
===== pre observable points bias
engine                 n  p3_robust_native  status_rates
started position                                        
False   Back-row     575             -0.54         -0.10
        Back-three   259             -1.86         -1.24
        Centre       284             -1.20         -0.45
        Fly-half     253             -0.28          0.15
        Hooker       414             -0.32          0.19
        Prop         864             -0.24          0.01
        Scrum-half   411             -0.90         -0.45
        Second-row   405             -0.42         -0.03
        Unknown      530             -0.03         -0.03
True    Back-row    1495             -0.04         -0.18
        Back-three  1494              0.23          0.12
        Centre       996              0.20          0.04
        Fly-half     498             -0.76         -0.94
        Hooker       498              1.44          1.07
        Prop         996              0.28          0.09
        Scrum-half   498              1.15          0.84
        Second-row   996              0.27          0.14
                    bias                           mae                           mse             
engine  p3_robust_native status_rates p3_robust_native status_rates p3_robust_native status_rates
started                                                                                          
False             -0.525       -0.150            3.977        4.043           33.829       33.520
True               0.260        0.086            7.152        7.116           92.442       92.316
pearson {'p3_robust_native': 0.6036, 'status_rates': 0.6035} bench pearson {'p3_robust_native': 0.2189, 'status_rates': 0.2245}
