                                     ratio                                         mse                                         dev                           
engine                    p3_robust_native status_rates status_shrunk p3_robust_native status_rates status_shrunk p3_robust_native status_rates status_shrunk
event              status                                                                                                                                    
clean_breaks       all              1.0325       1.0352        1.0345           0.2674       0.2672        0.2657           0.6158       0.6155        0.6114
                   bench            0.9422       1.0502        1.0508           0.0852       0.0853        0.0851           0.3691       0.3693        0.3671
                   start            1.0442       1.0333        1.0324           0.3647       0.3644        0.3622           0.7476       0.7471        0.7419
defenders_beaten   all              1.0130       1.0156        1.0165           1.6208       1.6174        1.6194           1.3427       1.3397        1.3404
                   bench            0.8704       0.9707        0.9716           0.6581       0.6535        0.6533           1.0498       1.0427        1.0426
                   start            1.0361       1.0229        1.0238           2.1353       2.1326        2.1357           1.4992       1.4984        1.4996
metres             all              0.9878       0.9907        0.9907         343.4799     342.3875      342.3875          13.5375      13.4452       13.4452
                   bench            0.8062       0.9261        0.9261         124.4323     122.5735      122.5735          11.6125      11.3923       11.3923
                   start            1.0157       1.0006        1.0006         460.5460     459.8632      459.8632          14.5662      14.5424       14.5424
missed_tackles     all              0.9430       0.9438        0.9438           1.1084       1.1083        1.1045           1.2015       1.2010        1.1973
                   bench            0.8960       0.9225        0.9233           0.5335       0.5325        0.5325           1.0495       1.0471        1.0462
                   start            0.9521       0.9480        0.9478           1.4157       1.4161        1.4102           1.2828       1.2833        1.2780
offload            all              1.0384       1.0415        1.0361           0.3576       0.3572        0.3560           0.7822       0.7818        0.7787
                   bench            0.9307       1.0384        1.0373           0.1358       0.1355        0.1359           0.5147       0.5147        0.5140
                   start            1.0561       1.0420        1.0359           0.4761       0.4756        0.4736           0.9252       0.9245        0.9202
passes             all              0.9820       0.9828        0.9792          29.5194      29.4521       29.4315           2.5912       2.5878        2.5787
                   bench            0.9420       0.9585        0.9545          24.7625      24.6284       24.6381           3.0446       3.0356        3.0240
                   start            0.9916       0.9886        0.9850          32.0617      32.0300       31.9933           2.3489       2.3484        2.3408
penalties_conceded all              1.0462       1.0476        1.0522           0.4719       0.4715        0.4674           0.9391       0.9387        0.9310
                   bench            0.9644       1.0066        1.0086           0.2882       0.2884        0.2875           0.7761       0.7762        0.7731
                   start            1.0668       1.0579        1.0632           0.5701       0.5694        0.5635           1.0261       1.0255        1.0154
rucks_won          all              0.9096       0.9109        0.9145           5.8465       5.8467        5.8420           1.8573       1.8549        1.8664
                   bench            0.8663       0.9122        0.9157           2.9894       2.9621        2.9598           1.8318       1.8119        1.8155
                   start            0.9186       0.9107        0.9142           7.3735       7.3883        7.3824           1.8709       1.8778        1.8935
runs               all              0.9946       0.9960        0.9956           8.0473       8.0357        8.0242           1.8160       1.8131        1.8102
                   bench            0.9616       1.0068        1.0057           4.1038       4.0931        4.0869           1.9078       1.9042        1.9015
                   start            1.0010       0.9939        0.9936          10.1548      10.1428       10.1285           1.7669       1.7645        1.7615
tackle_turnover    all              0.9987       1.0002        0.9951           0.1076       0.1076        0.1073           0.4705       0.4706        0.4670
                   bench            0.9981       1.0574        1.0596           0.0471       0.0471        0.0471           0.2876       0.2881        0.2869
                   start            0.9988       0.9900        0.9836           0.1399       0.1399        0.1395           0.5681       0.5680        0.5631
tackles            all              0.9653       0.9662        0.9662          11.0976      11.0895       11.1022           2.0384       2.0354        2.0378
                   bench            0.9268       0.9544        0.9543           6.6451       6.6154        6.6186           2.2376       2.2263        2.2275
                   start            0.9740       0.9688        0.9689          13.4772      13.4806       13.4983           1.9320       1.9333        1.9365
tries              all              1.0486       1.0504        1.0210           0.1429       0.1427        0.1418           0.5092       0.5078        0.5015
                   bench            0.8034       0.9234        0.9017           0.0692       0.0692        0.0688           0.3536       0.3513        0.3464
                   start            1.0984       1.0762        1.0453           0.1823       0.1820        0.1808           0.5924       0.5915        0.5845
try_assists        all              1.0045       1.0070        0.9878           0.0990       0.0988        0.0974           0.3778       0.3773        0.3652
                   bench            0.8643       0.9709        0.9649           0.0420       0.0420        0.0416           0.2236       0.2230        0.2167
                   start            1.0303       1.0137        0.9920           0.1294       0.1292        0.1272           0.4603       0.4598        0.4446
turnovers_conceded all              1.0006       1.0017        0.9884           0.6037       0.6035        0.5991           0.9773       0.9770        0.9712
                   bench            0.8888       0.9339        0.9216           0.2682       0.2682        0.2677           0.7721       0.7717        0.7696
                   start            1.0203       1.0136        1.0002           0.7830       0.7828        0.7762           1.0870       1.0867        1.0789
status_rates lower deviance 13 / 14  lower MSE 12 / 14
status_shrunk lower deviance 13 / 14  lower MSE 13 / 14
count-stat MAE {'p3_robust_native': 0.63949, 'status_rates': 0.64018, 'status_shrunk': 0.63982}
observable points bias
engine                 n  p3_robust_native  status_rates  status_shrunk
started position                                                       
False   Back-row     575             -0.54         -0.10          -0.13
        Back-three   259             -1.86         -1.24          -1.19
        Centre       284             -1.20         -0.45          -0.48
        Fly-half     253             -0.28          0.15           0.13
        Hooker       414             -0.32          0.19           0.07
        Prop         864             -0.24          0.01           0.00
        Scrum-half   411             -0.90         -0.45          -0.46
        Second-row   405             -0.42         -0.03          -0.06
        Unknown      530             -0.03         -0.03          -0.04
True    Back-row    1495             -0.04         -0.18          -0.24
        Back-three  1494              0.23          0.12          -0.06
        Centre       996              0.20          0.04          -0.03
        Fly-half     498             -0.76         -0.94          -1.00
        Hooker       498              1.44          1.07           1.03
        Prop         996              0.28          0.09           0.03
        Scrum-half   498              1.15          0.84           0.80
        Second-row   996              0.27          0.14           0.06
                    bias                                         mae                                         mse                           
engine  p3_robust_native status_rates status_shrunk p3_robust_native status_rates status_shrunk p3_robust_native status_rates status_shrunk
started                                                                                                                                    
False             -0.525       -0.150        -0.171            3.977        4.043         4.035           33.829       33.520        33.498
True               0.260        0.086         0.002            7.152        7.116         7.089           92.442       92.316        92.059
pearson {'p3_robust_native': 0.6036, 'status_rates': 0.6035, 'status_shrunk': 0.6058}
bench pearson {'p3_robust_native': 0.2189, 'status_rates': 0.2245, 'status_shrunk': 0.2263}
starter pearson {'p3_robust_native': 0.4691, 'status_rates': 0.4695, 'status_shrunk': 0.473}
