                                     ratio                                         mse                                         dev                           
engine                    p3_robust_native status_rates status_shrunk p3_robust_native status_rates status_shrunk p3_robust_native status_rates status_shrunk
event              status                                                                                                                                    
clean_breaks       all              1.0280       1.0317        1.0234           0.2578       0.2576        0.2549           0.6080       0.6079        0.6020
                   bench            1.0488       1.1498        1.1444           0.0802       0.0802        0.0794           0.3551       0.3545        0.3540
                   start            1.0256       1.0179        1.0094           0.3524       0.3522        0.3484           0.7429       0.7430        0.7343
defenders_beaten   all              1.1126       1.1163        1.1167           1.4630       1.4592        1.4623           1.2706       1.2711        1.2722
                   bench            1.0941       1.2020        1.2022           0.5419       0.5480        0.5483           1.0013       1.0092        1.0093
                   start            1.1154       1.1032        1.1036           1.9543       1.9452        1.9497           1.4143       1.4108        1.4124
metres             all              1.0517       1.0555        1.0555         280.5568     280.4227      280.4227          11.6830      11.7053       11.7053
                   bench            0.9869       1.0961        1.0961          70.3137      70.7936       70.7936           8.9280       8.9918        8.9918
                   start            1.0611       1.0496        1.0496         392.6865     392.2248      392.2248          13.1523      13.1525       13.1525
missed_tackles     all              1.0322       1.0330        1.0336           1.0256       1.0261        1.0259           1.1243       1.1260        1.1246
                   bench            1.3013       1.3266        1.3311           0.3763       0.3788        0.3784           0.9259       0.9312        0.9324
                   start            0.9944       0.9917        0.9918           1.3718       1.3713        1.3712           1.2301       1.2298        1.2271
offload            all              1.0397       1.0432        1.0412           0.3495       0.3497        0.3496           0.7711       0.7726        0.7712
                   bench            1.1016       1.1882        1.1873           0.1412       0.1423        0.1420           0.5079       0.5114        0.5109
                   start            1.0303       1.0213        1.0192           0.4606       0.4604        0.4602           0.9115       0.9119        0.9100
passes             all              0.9649       0.9654        0.9647          33.1832      33.3779       32.8872           2.6517       2.6598        2.6212
                   bench            1.1668       1.1791        1.1841          31.1304      31.3390       30.4703           3.6246       3.6395        3.5561
                   start            0.9274       0.9257        0.9239          34.2780      34.4653       34.1763           2.1328       2.1372        2.1225
penalties_conceded all              0.9977       1.0004        0.9997           0.4342       0.4331        0.4325           0.9228       0.9212        0.9183
                   bench            0.8612       0.9026        0.9063           0.3204       0.3192        0.3172           0.8210       0.8184        0.8114
                   start            1.0377       1.0291        1.0271           0.4949       0.4938        0.4940           0.9771       0.9761        0.9753
rucks_won          all              0.9822       0.9840        0.9847           5.9911       5.9944        5.9820           1.6846       1.6866        1.6836
                   bench            0.9887       1.0333        1.0342           3.3767       3.3810        3.3769           1.8021       1.8089        1.8064
                   start            0.9808       0.9740        0.9746           7.3854       7.3882        7.3713           1.6219       1.6213        1.6181
runs               all              0.9826       0.9842        0.9841           8.2140       8.2144        8.2052           1.7562       1.7576        1.7559
                   bench            1.0121       1.0529        1.0528           4.3751       4.3598        4.3566           1.9128       1.9152        1.9137
                   start            0.9770       0.9712        0.9710          10.2613      10.2701       10.2578           1.6727       1.6736        1.6717
tackle_turnover    all              1.2128       1.2168        1.2720           0.0944       0.0944        0.0955           0.4184       0.4184        0.4221
                   bench            1.4193       1.4956        1.5970           0.0317       0.0318        0.0317           0.2257       0.2269        0.2250
                   start            1.1819       1.1751        1.2235           0.1279       0.1278        0.1295           0.5212       0.5205        0.5271
tackles            all              0.9896       0.9907        0.9906          11.7191      11.7385       11.7398           1.9815       1.9848        1.9849
                   bench            1.0541       1.0807        1.0806           7.0169       7.0378        7.0388           2.2397       2.2460        2.2459
                   start            0.9759       0.9716        0.9716          14.2270      14.2456       14.2470           1.8438       1.8455        1.8458
tries              all              1.0490       1.0531        1.0300           0.1641       0.1640        0.1626           0.5589       0.5592        0.5504
                   bench            0.9140       1.0413        1.0094           0.0793       0.0787        0.0783           0.3586       0.3565        0.3507
                   start            1.0753       1.0554        1.0340           0.2094       0.2095        0.2075           0.6657       0.6673        0.6569
try_assists        all              0.9558       0.9571        0.9562           0.1133       0.1134        0.1132           0.4000       0.4005        0.3965
                   bench            0.9286       0.9717        0.9525           0.0511       0.0510        0.0510           0.2559       0.2569        0.2542
                   start            0.9607       0.9544        0.9568           0.1465       0.1467        0.1463           0.4768       0.4771        0.4724
turnovers_conceded all              1.0885       1.0902        1.0814           0.6235       0.6234        0.6239           0.9754       0.9751        0.9736
                   bench            1.0642       1.1076        1.0985           0.2707       0.2710        0.2697           0.7653       0.7662        0.7623
                   start            1.0926       1.0872        1.0786           0.8117       0.8113        0.8128           1.0875       1.0865        1.0863
status_rates lower deviance 4 / 14  lower MSE 7 / 14
status_shrunk lower deviance 8 / 14  lower MSE 9 / 14
count-stat MAE {'p3_robust_native': 0.65414, 'status_rates': 0.65572, 'status_shrunk': 0.6548}
observable points bias
engine                n  p3_robust_native  status_rates  status_shrunk
started position                                                      
False   Back-row     65              0.07          0.44           0.40
        Back-three   25              0.13          0.70           0.68
        Centre       32              0.11          0.70           0.68
        Fly-half     26              1.15          1.52           1.51
        Hooker       47              0.01          0.54           0.56
        Prop         92             -0.12          0.15           0.13
        Scrum-half   41              1.42          1.79           1.78
        Second-row   46              0.82          1.17           1.16
        Unknown      26              0.75          0.76           0.71
True    Back-row    150              1.58          1.45           1.54
        Back-three  150              1.11          1.00           0.89
        Centre      100              1.26          1.14           1.15
        Fly-half     50             -0.79         -0.93          -1.14
        Hooker       50             -2.14         -2.54          -2.48
        Prop        100             -0.32         -0.51          -0.51
        Scrum-half   50             -0.43         -0.63          -0.61
        Second-row  100              0.80          0.69           0.66
                    bias                                         mae                                         mse                           
engine  p3_robust_native status_rates status_shrunk p3_robust_native status_rates status_shrunk p3_robust_native status_rates status_shrunk
started                                                                                                                                    
False              0.365        0.735         0.715            4.122        4.228         4.225           32.302       32.503        32.423
True               0.546        0.394         0.379            7.262        7.238         7.215           88.302       88.246        87.800
pearson {'p3_robust_native': 0.6231, 'status_rates': 0.6214, 'status_shrunk': 0.6222}
bench pearson {'p3_robust_native': 0.3506, 'status_rates': 0.3476, 'status_shrunk': 0.3549}
starter pearson {'p3_robust_native': 0.4443, 'status_rates': 0.442, 'status_shrunk': 0.4423}
